 $3D-RISM-CUDA
SFE_SC= 23324102.50402 !(J/mol)
  SFCE_SC(0)= 120212022883.12311
  SFCE_SC(1)= -120178637426.23488
  SFCE_SC(2)= -273552375.06845
  SFCE_SC(3)= 263491020.68424

SFE_GF= 6329885.06176 !(J/mol)
  SFEC_GF(0)= 120205961020.88972
  SFEC_GF(1)= -120189539665.00870
  SFEC_GF(2)= -273564842.92837
  SFEC_GF(3)= 263473372.10909

PMV= 69.89044 !(L/mol)
Pressure= 1908517867.24854 !(J/m^3)
Correction_Term= -78990124.60222 !(J/mol)
 $END
